CHROM	POS	REF	ALT	AC	AN	AF	HET	HOM-REF	HOM-VAR	NO-CALL	VAR	NSAMPLES	NCALLED	
chr1	69679	GGTGTGC	G	1	2	0.5	1	0	0	1245	1	1246	1
chr1	69689	C	CACA	1	2	0.5	1	0	0	1245	1	1246	1
chr1	924274	CGGCGCGTA	C	1	2	0.5	1	0	0	1245	1	1246	1
chr1	924939	C	G	1	2	0.5	1	0	0	1245	1	1246	1
chr1	930165	G	A	6	10	0.6	4	0	1	1241	5	1246	5
chr1	930204	G	A	1	2	0.5	1	0	0	1245	1	1246	1
chr1	930248	G	A	25	50	0.5	25	0	0	1221	25	1246	25
chr1	930285	G	A	4	8	0.5	4	0	0	1242	4	1246	4
chr1	930314	C	T	43	80	0.5375	37	0	3	1206	40	1246	40
