CHROM	POS	REF	ALT	het_samples	hom_samples
chr1	69679	GGTGTGC	G	30407401359	
chr1	69689	C	CACA	30107400065	
chr1	924274	CGGCGCGTA	C	21107401859	
chr1	924939	C	G	20807401316	
chr1	930165	G	A	10500183884-99-12-771-ORION-Raw-Data-Ilya-Biotech-9D625-1_S20;20607401429;21107402292;31107403915	21107402291
chr1	930204	G	A	20507401927	
chr1	930248	G	A	20307401030;20407401261;20607401426;20707400650;20707401551;20907400287;20907400289;20907400540;21107401195;21107402311;21207400376;21207401473;30107400521;30207400291;30207400298;30207400906;30207400932;30207401938;30507401837;30507402247;30807403449;31007400066;31107402814;31107403387;31107403916	
chr1	930285	G	A	21007400752;21107401186;30407401345;30607402481	
chr1	930314	C	T	10500183884-99-12-771-ORION-Raw-Data-Ilya-Biotech-9D625-1_S20;20207400537;20407400088;20607401424;20607401429;20707400168;20807400648;20807401473;21007400076;21007400385;21007401168;21107401183;21107401849;21107402292;21107402300;21207402037;21207402680;21207402686;21207402695;30107400185;30107401155;30207400924;30207400925;30207400933;30207401937;30407401343;30407401358;30407401374;30407401412;30507400014;30807403445;31007400061;31007403626;31107402081;31107403915;31107403936;31207400198	21107402291;30207401499;31007402634
